<?xml version="1.0"?>
<opencv_storage>
<calibration_Time>"Mon Dec 26 15:21:32 2016"</calibration_Time>
<nrOfFrames>25</nrOfFrames>
<image_Width>1920</image_Width>
<image_Height>1080</image_Height>
<board_Width>7</board_Width>
<board_Height>7</board_Height>
<square_Size>50.</square_Size>
<FixAspectRatio>1.</FixAspectRatio>
<!-- flags:  +fix_aspectRatio +fix_principal_point +zero_tangent_dist -->
<flagValue>14</flagValue>
<Camera_Matrix type_id="opencv-matrix">
  <rows>3</rows>
  <cols>3</cols>
  <dt>d</dt>
  <data>
    1.3552811810975425e+03 0. 9.5950000000000000e+02 0.
    1.3552811810975425e+03 5.3950000000000000e+02 0. 0. 1.</data></Camera_Matrix>
<Distortion_Coefficients type_id="opencv-matrix">
  <rows>5</rows>
  <cols>1</cols>
  <dt>d</dt>
  <data>
    -7.5484100493283992e-03 -1.9889234448016768e-02 0. 0.
    -2.0739355056478601e-01</data></Distortion_Coefficients>
<Avg_Reprojection_Error>5.6717521208616961e-01</Avg_Reprojection_Error>
<Per_View_Reprojection_Errors type_id="opencv-matrix">
  <rows>25</rows>
  <cols>1</cols>
  <dt>f</dt>
  <data>
    5.87551475e-01 5.78393459e-01 5.95126510e-01 6.16505861e-01
    5.83554208e-01 5.97227454e-01 5.76776028e-01 5.65736055e-01
    5.78002512e-01 5.49620748e-01 5.89803040e-01 5.08899331e-01
    5.31057239e-01 6.03747725e-01 5.75668156e-01 5.66573262e-01
    5.68414569e-01 5.54328203e-01 5.91026425e-01 5.55111349e-01
    5.79463780e-01 5.47952890e-01 4.88244891e-01 5.32607019e-01
    5.38860321e-01</data></Per_View_Reprojection_Errors>
<!-- a set of 6-tuples (rotation vector + translation vector) for each view -->
<Extrinsic_Parameters type_id="opencv-matrix">
  <rows>25</rows>
  <cols>6</cols>
  <dt>d</dt>
  <data>
    8.4962739406765603e-02 8.7907732127237709e-03 1.5448682708010490e+00
    1.9414782335483798e+02 -1.7663458032949595e+02
    5.6767480595188249e+02 8.7290801665812226e-02 7.4835077997772803e-03
    1.5477518331027063e+00 1.9586035995463661e+02
    -1.7823699698935545e+02 5.6614093284280125e+02
    8.4025048759557353e-02 4.4847961190929561e-03 1.5447363145999888e+00
    1.9236880026095540e+02 -1.7720538882605507e+02
    5.6573779324409838e+02 8.2707335174357965e-02 4.7873021160089587e-03
    1.5438847364158241e+00 1.9183260718770737e+02
    -1.7633093522074853e+02 5.6572219504798909e+02
    8.3602170875754639e-02 5.0432886515906277e-03 1.5423117173848215e+00
    1.9104145124298279e+02 -1.7527451396947524e+02
    5.6580870917413563e+02 8.6267143064503116e-02 2.9234495270597750e-03
    1.5408424875228124e+00 1.9181667547501934e+02
    -1.7896998090001443e+02 5.6475652853387430e+02
    8.6361444212705071e-02 4.4737361385998771e-03 1.5380866775548645e+00
    1.9129410512020925e+02 -1.7763200160605865e+02
    5.6523276049639401e+02 8.4550583018171824e-02 3.2715129826550428e-04
    1.5351556331307072e+00 1.8735437725237307e+02
    -1.7789014798469955e+02 5.6449947914754773e+02
    8.7861167104064414e-02 4.0283461900202100e-03 1.5346833802213196e+00
    1.8919751044933832e+02 -1.7805158572571040e+02
    5.6493094304633860e+02 8.7271281462460409e-02 3.2626861642448533e-03
    1.5335422344782106e+00 1.8823164955102220e+02
    -1.7849982921959818e+02 5.6587527354147619e+02
    8.9885550760085850e-02 4.1758588956230196e-04 1.5316642008186088e+00
    1.8693927028491268e+02 -1.8061378358011092e+02
    5.6496968003806705e+02 9.1708764564791601e-02
    -2.8621345928507794e-03 1.5308320428112347e+00
    1.8659130635746567e+02 -1.8251815978720319e+02
    5.6375041448483000e+02 9.2022182534099203e-02
    -5.2253214978022818e-03 1.5307310502680334e+00
    1.8581323637371497e+02 -1.8416452189207794e+02
    5.6283733683282151e+02 9.1485650759759174e-02
    -4.2204098371645916e-03 1.5299551959074627e+00
    1.8504310615816351e+02 -1.8402131336719557e+02
    5.6292135061897000e+02 8.9943938803329529e-02
    -5.8381527957085773e-03 1.5292488667428767e+00
    1.8359704060368966e+02 -1.8432260552178616e+02
    5.6261190467207643e+02 9.1025791751511861e-02
    -5.6266562741684135e-03 1.5290350230713796e+00
    1.8363704503186233e+02 -1.8404732443592926e+02
    5.6236648656737339e+02 9.0313904867271685e-02
    -8.6666529684603956e-03 1.5299368568164291e+00
    1.8320068343398179e+02 -1.8410455147574822e+02
    5.6237003817148263e+02 9.0487199796389306e-02
    -8.0535534871667147e-03 1.5304673776093376e+00
    1.8353450888967836e+02 -1.8487767827155267e+02
    5.6198772811280310e+02 9.1185229799245107e-02
    -9.7356190641856959e-03 1.5313127520641836e+00
    1.8276523252677953e+02 -1.8523448979781108e+02
    5.6140799007198962e+02 8.8389623106038664e-02
    -1.0842581891209393e-02 1.5316787810731911e+00
    1.8153210957456491e+02 -1.8489741129778216e+02
    5.6202878826529559e+02 8.5739919347758695e-02
    -1.4984851309652113e-02 1.5330079651897361e+00
    1.7767518859592332e+02 -1.8496932649693741e+02
    5.6201978985517701e+02 8.6875896193977148e-02
    -1.6079632155241448e-02 1.5343732394638183e+00
    1.7712634138493277e+02 -1.8531657116769335e+02
    5.6218889574406353e+02 8.5437223595172113e-02
    -1.8104428744944744e-02 1.5380448079269324e+00
    1.7620056321398945e+02 -1.8543755292545890e+02
    5.6279296771320855e+02 8.2244221788656924e-02
    -2.0802244940530869e-02 1.5411653316570257e+00
    1.7416930965763581e+02 -1.8571691807088527e+02
    5.6378682992358142e+02 8.1691712649284196e-02
    -2.1379593727237776e-02 1.5422359542824864e+00
    1.7337994658205849e+02 -1.8613422874505133e+02
    5.6413845272251262e+02</data></Extrinsic_Parameters>
